(kicad_pcb (version 20171130) (host pcbnew "(5.0.0)")

  (general
    (thickness 1.6)
    (drawings 9)
    (tracks 293)
    (zones 0)
    (modules 36)
    (nets 43)
  )

  (page A4)
  (title_block
    (title "USB C PD test")
    (date 2018-09-06)
    (rev 1)
  )

  (layers
    (0 F.Cu signal)
    (31 B.Cu signal)
    (32 B.Adhes user)
    (33 F.Adhes user)
    (34 B.Paste user)
    (35 F.Paste user)
    (36 B.SilkS user)
    (37 F.SilkS user)
    (38 B.Mask user)
    (39 F.Mask user)
    (40 Dwgs.User user)
    (41 Cmts.User user)
    (42 Eco1.User user)
    (43 Eco2.User user)
    (44 Edge.Cuts user)
    (45 Margin user)
    (46 B.CrtYd user)
    (47 F.CrtYd user)
    (48 B.Fab user)
    (49 F.Fab user)
  )

  (setup
    (last_trace_width 0.25)
    (trace_clearance 0.2)
    (zone_clearance 0)
    (zone_45_only no)
    (trace_min 0.1)
    (segment_width 0.2)
    (edge_width 0.2)
    (via_size 0.8)
    (via_drill 0.4)
    (via_min_size 0.4)
    (via_min_drill 0.3)
    (uvia_size 0.3)
    (uvia_drill 0.1)
    (uvias_allowed no)
    (uvia_min_size 0.2)
    (uvia_min_drill 0.1)
    (pcb_text_width 0.3)
    (pcb_text_size 1.5 1.5)
    (mod_edge_width 0.15)
    (mod_text_size 1 1)
    (mod_text_width 0.15)
    (pad_size 1.5 1.5)
    (pad_drill 0.6)
    (pad_to_mask_clearance 0)
    (aux_axis_origin 0 0)
    (visible_elements 7FFFFFFF)
    (pcbplotparams
      (layerselection 0x010fc_ffffffff)
      (usegerberextensions true)
      (usegerberattributes false)
      (usegerberadvancedattributes false)
      (creategerberjobfile false)
      (excludeedgelayer true)
      (linewidth 0.100000)
      (plotframeref false)
      (viasonmask false)
      (mode 1)
      (useauxorigin false)
      (hpglpennumber 1)
      (hpglpenspeed 20)
      (hpglpendiameter 15.000000)
      (psnegative false)
      (psa4output false)
      (plotreference true)
      (plotvalue true)
      (plotinvisibletext false)
      (padsonsilk false)
      (subtractmaskfromsilk false)
      (outputformat 1)
      (mirror false)
      (drillshape 0)
      (scaleselection 1)
      (outputdirectory "newGerb/"))
  )

  (net 0 "")
  (net 1 "Net-(C1-Pad1)")
  (net 2 GND)
  (net 3 +15V)
  (net 4 "Net-(C6-Pad1)")
  (net 5 "Net-(C7-Pad1)")
  (net 6 HV+)
  (net 7 "Net-(C10-Pad1)")
  (net 8 "Net-(D1-Pad2)")
  (net 9 "Net-(D3-Pad1)")
  (net 10 "Net-(D3-Pad2)")
  (net 11 "Net-(J1-PadA2)")
  (net 12 "Net-(J1-PadA3)")
  (net 13 "Net-(J1-PadA6)")
  (net 14 "Net-(J1-PadA7)")
  (net 15 "Net-(J1-PadA10)")
  (net 16 "Net-(J1-PadA8)")
  (net 17 "Net-(J1-PadA11)")
  (net 18 "Net-(J1-PadB2)")
  (net 19 "Net-(J1-PadB3)")
  (net 20 "Net-(J1-PadB6)")
  (net 21 "Net-(J1-PadB7)")
  (net 22 "Net-(J1-PadB8)")
  (net 23 "Net-(J1-PadB10)")
  (net 24 "Net-(J1-PadB11)")
  (net 25 "Net-(R1-Pad2)")
  (net 26 "Net-(R3-Pad2)")
  (net 27 "Net-(R5-Pad2)")
  (net 28 +3V3)
  (net 29 SDA)
  (net 30 SCL)
  (net 31 "Net-(R9-Pad2)")
  (net 32 "Net-(Rsense1-Pad1)")
  (net 33 "Net-(T1-Pad1)")
  (net 34 "Net-(U1-Pad11)")
  (net 35 "Net-(U1-Pad14)")
  (net 36 "Net-(U1-Pad15)")
  (net 37 "Net-(U1-Pad17)")
  (net 38 "Net-(U1-Pad19)")
  (net 39 "Net-(U1-Pad20)")
  (net 40 Vin)
  (net 41 "Net-(R10-Pad1)")
  (net 42 "Net-(Q1-Pad4)")

  (net_class Default "This is the default net class."
    (clearance 0.2)
    (trace_width 0.25)
    (via_dia 0.8)
    (via_drill 0.4)
    (uvia_dia 0.3)
    (uvia_drill 0.1)
    (add_net +3V3)
    (add_net GND)
    (add_net HV+)
    (add_net "Net-(C1-Pad1)")
    (add_net "Net-(C10-Pad1)")
    (add_net "Net-(C6-Pad1)")
    (add_net "Net-(C7-Pad1)")
    (add_net "Net-(D1-Pad2)")
    (add_net "Net-(D3-Pad1)")
    (add_net "Net-(D3-Pad2)")
    (add_net "Net-(J1-PadA10)")
    (add_net "Net-(J1-PadA11)")
    (add_net "Net-(J1-PadA2)")
    (add_net "Net-(J1-PadA3)")
    (add_net "Net-(J1-PadA6)")
    (add_net "Net-(J1-PadA7)")
    (add_net "Net-(J1-PadA8)")
    (add_net "Net-(J1-PadB10)")
    (add_net "Net-(J1-PadB11)")
    (add_net "Net-(J1-PadB2)")
    (add_net "Net-(J1-PadB3)")
    (add_net "Net-(J1-PadB6)")
    (add_net "Net-(J1-PadB7)")
    (add_net "Net-(J1-PadB8)")
    (add_net "Net-(Q1-Pad4)")
    (add_net "Net-(R1-Pad2)")
    (add_net "Net-(R10-Pad1)")
    (add_net "Net-(R3-Pad2)")
    (add_net "Net-(R5-Pad2)")
    (add_net "Net-(R9-Pad2)")
    (add_net "Net-(Rsense1-Pad1)")
    (add_net "Net-(T1-Pad1)")
    (add_net "Net-(U1-Pad11)")
    (add_net "Net-(U1-Pad14)")
    (add_net "Net-(U1-Pad15)")
    (add_net "Net-(U1-Pad17)")
    (add_net "Net-(U1-Pad19)")
    (add_net "Net-(U1-Pad20)")
    (add_net SCL)
    (add_net SDA)
    (add_net Vin)
  )

  (net_class 15vHC ""
    (clearance 0.2)
    (trace_width 0.7)
    (via_dia 0.8)
    (via_drill 0.4)
    (uvia_dia 0.3)
    (uvia_drill 0.1)
    (add_net +15V)
  )

  (net_class 180V ""
    (clearance 0.2)
    (trace_width 0.25)
    (via_dia 0.8)
    (via_drill 0.4)
    (uvia_dia 0.3)
    (uvia_drill 0.1)
  )

  (net_class HighCurrent ""
    (clearance 0.2)
    (trace_width 0.55)
    (via_dia 0.8)
    (via_drill 0.4)
    (uvia_dia 0.3)
    (uvia_drill 0.1)
  )

  (module Diode_SMD:D_SMA (layer F.Cu) (tedit 5B913235) (tstamp 5B9E7900)
    (at 140.97 76.105 270)
    (descr "Diode SMA (DO-214AC)")
    (tags "Diode SMA (DO-214AC)")
    (path /5B93D6D7)
    (attr smd)
    (fp_text reference D1 (at 4.159 -0.254) (layer F.SilkS)
      (effects (font (size 1 1) (thickness 0.15)))
    )
    (fp_text value ES2F (at 0 2.6 270) (layer F.Fab) hide
      (effects (font (size 1 1) (thickness 0.15)))
    )
    (fp_line (start -3.4 -1.65) (end 2 -1.65) (layer F.SilkS) (width 0.12))
    (fp_line (start -3.4 1.65) (end 2 1.65) (layer F.SilkS) (width 0.12))
    (fp_line (start -0.64944 0.00102) (end 0.50118 -0.79908) (layer F.SilkS) (width 0.1))
    (fp_line (start -0.64944 0.00102) (end 0.50118 0.75032) (layer F.SilkS) (width 0.1))
    (fp_line (start 0.50118 0.75032) (end 0.50118 -0.79908) (layer F.SilkS) (width 0.1))
    (fp_line (start -0.64944 -0.79908) (end -0.64944 0.80112) (layer F.SilkS) (width 0.1))
    (fp_line (start 0.50118 0.00102) (end 1.4994 0.00102) (layer F.SilkS) (width 0.1))
    (fp_line (start -0.64944 0.00102) (end -1.55114 0.00102) (layer F.SilkS) (width 0.1))
    (fp_line (start -3.5 1.75) (end -3.5 -1.75) (layer F.CrtYd) (width 0.05))
    (fp_line (start 3.5 1.75) (end -3.5 1.75) (layer F.CrtYd) (width 0.05))
    (fp_line (start 3.5 -1.75) (end 3.5 1.75) (layer F.CrtYd) (width 0.05))
    (fp_line (start -3.5 -1.75) (end 3.5 -1.75) (layer F.CrtYd) (width 0.05))
    (fp_line (start 2.3 -1.5) (end -2.3 -1.5) (layer F.Fab) (width 0.1))
    (fp_line (start 2.3 -1.5) (end 2.3 1.5) (layer F.Fab) (width 0.1))
    (fp_line (start -2.3 1.5) (end -2.3 -1.5) (layer F.Fab) (width 0.1))
    (fp_line (start 2.3 1.5) (end -2.3 1.5) (layer F.Fab) (width 0.1))
    (fp_line (start -3.4 -1.65) (end -3.4 1.65) (layer F.SilkS) (width 0.12))
    (fp_text user %R (at 0 -2.5 270) (layer F.Fab)
      (effects (font (size 1 1) (thickness 0.15)))
    )
    (pad 2 smd rect (at 2 0 270) (size 2.5 1.8) (layers F.Cu F.Paste F.Mask)
      (net 8 "Net-(D1-Pad2)"))
    (pad 1 smd rect (at -2 0 270) (size 2.5 1.8) (layers F.Cu F.Paste F.Mask)
      (net 6 HV+))
    (model ${KISYS3DMOD}/Diode_SMD.3dshapes/D_SMA.wrl
      (at (xyz 0 0 0))
      (scale (xyz 1 1 1))
      (rotate (xyz 0 0 0))
    )
  )

  (module Diode_SMD:D_SMC_Handsoldering (layer F.Cu) (tedit 5B9131D9) (tstamp 5B9E7918)
    (at 125.762091 112.399573 270)
    (descr "Diode SMC (DO-214AB) Handsoldering")
    (tags "Diode SMC (DO-214AB) Handsoldering")
    (path /5BE6FE8C)
    (attr smd)
    (fp_text reference D2 (at 0 -4.1 270) (layer F.SilkS)
      (effects (font (size 1 1) (thickness 0.15)))
    )
    (fp_text value SM15T (at 0 4.2 270) (layer F.Fab) hide
      (effects (font (size 1 1) (thickness 0.15)))
    )
    (fp_text user %R (at 0 -1.5 270) (layer F.Fab)
      (effects (font (size 1 1) (thickness 0.15)))
    )
    (fp_line (start -6.8 3.25) (end -6.8 -3.25) (layer F.SilkS) (width 0.12))
    (fp_line (start 3.55 3.1) (end -3.55 3.1) (layer F.Fab) (width 0.1))
    (fp_line (start -3.55 3.1) (end -3.55 -3.1) (layer F.Fab) (width 0.1))
    (fp_line (start 3.55 -3.1) (end 3.55 3.1) (layer F.Fab) (width 0.1))
    (fp_line (start 3.55 -3.1) (end -3.55 -3.1) (layer F.Fab) (width 0.1))
    (fp_line (start -6.9 -3.35) (end 6.9 -3.35) (layer F.CrtYd) (width 0.05))
    (fp_line (start 6.9 -3.35) (end 6.9 3.35) (layer F.CrtYd) (width 0.05))
    (fp_line (start 6.9 3.35) (end -6.9 3.35) (layer F.CrtYd) (width 0.05))
    (fp_line (start -6.9 3.35) (end -6.9 -3.35) (layer F.CrtYd) (width 0.05))
    (fp_line (start -0.64944 0.00102) (end -1.55114 0.00102) (layer F.SilkS) (width 0.1))
    (fp_line (start 0.50118 0.00102) (end 1.4994 0.00102) (layer F.SilkS) (width 0.1))
    (fp_line (start -0.64944 -0.79908) (end -0.64944 0.80112) (layer F.SilkS) (width 0.1))
    (fp_line (start 0.50118 0.75032) (end 0.50118 -0.79908) (layer F.SilkS) (width 0.1))
    (fp_line (start -0.64944 0.00102) (end 0.50118 0.75032) (layer F.SilkS) (width 0.1))
    (fp_line (start -0.64944 0.00102) (end 0.50118 -0.79908) (layer F.SilkS) (width 0.1))
    (fp_line (start -6.8 3.25) (end 4.4 3.25) (layer F.SilkS) (width 0.12))
    (fp_line (start -6.8 -3.25) (end 4.4 -3.25) (layer F.SilkS) (width 0.12))
    (pad 1 smd rect (at -4.4 0) (size 3.3 4.5) (layers F.Cu F.Paste F.Mask)
      (net 40 Vin))
    (pad 2 smd rect (at 4.4 0) (size 3.3 4.5) (layers F.Cu F.Paste F.Mask)
      (net 2 GND))
    (model ${KISYS3DMOD}/Diode_SMD.3dshapes/D_SMC.wrl
      (at (xyz 0 0 0))
      (scale (xyz 1 1 1))
      (rotate (xyz 0 0 0))
    )
  )

  (module Connector_USB:USB_C_Receptacle_Amphenol_12401610E4-2A (layer F.Cu) (tedit 5B911EE3) (tstamp 5B9E795C)
    (at 136.692091 115.129573)
    (descr "USB TYPE C, RA RCPT PCB, SMT, https://www.amphenolcanada.com/StockAvailabilityPrice.aspx?From=&PartNum=12401610E4%7e2A")
    (tags "USB C Type-C Receptacle SMD")
    (path /5B950D81)
    (attr smd)
    (fp_text reference J1 (at 0 -6.36) (layer F.SilkS)
      (effects (font (size 1 1) (thickness 0.15)))
    )
    (fp_text value 12401610E4_2A (at 0 6.14) (layer F.Fab) hide
      (effects (font (size 1 1) (thickness 0.15)))
    )
    (fp_line (start -4.6 5.23) (end -4.6 -5.22) (layer F.Fab) (width 0.1))
    (fp_line (start -4.6 -5.22) (end 4.6 -5.22) (layer F.Fab) (width 0.1))
    (fp_line (start -4.75 -5.37) (end -3.25 -5.37) (layer F.SilkS) (width 0.12))
    (fp_line (start -4.75 -5.37) (end -4.75 1.89) (layer F.SilkS) (width 0.12))
    (fp_line (start 4.75 -5.37) (end 4.75 1.89) (layer F.SilkS) (width 0.12))
    (fp_line (start 3.25 -5.37) (end 4.75 -5.37) (layer F.SilkS) (width 0.12))
    (fp_line (start -4.6 5.23) (end 4.6 5.23) (layer F.Fab) (width 0.1))
    (fp_line (start 4.6 5.23) (end 4.6 -5.22) (layer F.Fab) (width 0.1))
    (fp_line (start -5.39 -5.87) (end 5.39 -5.87) (layer F.CrtYd) (width 0.05))
    (fp_line (start 5.39 -5.87) (end 5.39 5.73) (layer F.CrtYd) (width 0.05))
    (fp_line (start 5.39 5.73) (end -5.39 5.73) (layer F.CrtYd) (width 0.05))
    (fp_line (start -5.39 5.73) (end -5.39 -5.87) (layer F.CrtYd) (width 0.05))
    (fp_text user %R (at 0 0) (layer F.Fab)
      (effects (font (size 1 1) (thickness 0.1)))
    )
    (pad B12 smd rect (at -3 -3.32) (size 0.3 0.7) (layers F.Cu F.Paste F.Mask)
      (net 2 GND))
    (pad B11 smd rect (at -2.5 -3.32) (size 0.3 0.7) (layers F.Cu F.Paste F.Mask)
      (net 24 "Net-(J1-PadB11)"))
    (pad B10 smd rect (at -2 -3.32) (size 0.3 0.7) (layers F.Cu F.Paste F.Mask)
      (net 23 "Net-(J1-PadB10)"))
    (pad B9 smd rect (at -1.5 -3.32) (size 0.3 0.7) (layers F.Cu F.Paste F.Mask)
      (net 40 Vin))
    (pad B8 smd rect (at -1 -3.32) (size 0.3 0.7) (layers F.Cu F.Paste F.Mask)
      (net 22 "Net-(J1-PadB8)"))
    (pad B7 smd rect (at -0.5 -3.32) (size 0.3 0.7) (layers F.Cu F.Paste F.Mask)
      (net 21 "Net-(J1-PadB7)"))
    (pad B6 smd rect (at 0 -3.32) (size 0.3 0.7) (layers F.Cu F.Paste F.Mask)
      (net 20 "Net-(J1-PadB6)"))
    (pad B5 smd rect (at 0.5 -3.32) (size 0.3 0.7) (layers F.Cu F.Paste F.Mask)
      (net 9 "Net-(D3-Pad1)"))
    (pad B4 smd rect (at 1 -3.32) (size 0.3 0.7) (layers F.Cu F.Paste F.Mask)
      (net 40 Vin))
    (pad B3 smd rect (at 1.5 -3.32) (size 0.3 0.7) (layers F.Cu F.Paste F.Mask)
      (net 19 "Net-(J1-PadB3)"))
    (pad B2 smd rect (at 2 -3.32) (size 0.3 0.7) (layers F.Cu F.Paste F.Mask)
      (net 18 "Net-(J1-PadB2)"))
    (pad "" np_thru_hole circle (at -3.6 -4.36) (size 0.65 0.65) (drill 0.65) (layers *.Cu *.Mask))
    (pad "" np_thru_hole oval (at 3.6 -4.36) (size 0.95 0.65) (drill oval 0.95 0.65) (layers *.Cu *.Mask))
    (pad S1 thru_hole oval (at -4.49 2.84) (size 0.8 1.4) (drill oval 0.5 1.1) (layers *.Cu *.Mask))
    (pad S1 thru_hole oval (at 4.49 2.84) (size 0.8 1.4) (drill oval 0.5 1.1) (layers *.Cu *.Mask))
    (pad S1 thru_hole oval (at 4.13 -3.11) (size 0.8 1.4) (drill oval 0.5 1.1) (layers *.Cu *.Mask))
    (pad B1 smd rect (at 2.5 -3.32) (size 0.3 0.7) (layers F.Cu F.Paste F.Mask)
      (net 2 GND))
    (pad A11 smd rect (at 2.25 -5.02) (size 0.3 0.7) (layers F.Cu F.Paste F.Mask)
      (net 17 "Net-(J1-PadA11)"))
    (pad A8 smd rect (at 0.75 -5.02) (size 0.3 0.7) (layers F.Cu F.Paste F.Mask)
      (net 16 "Net-(J1-PadA8)"))
    (pad A9 smd rect (at 1.25 -5.02) (size 0.3 0.7) (layers F.Cu F.Paste F.Mask)
      (net 40 Vin))
    (pad A10 smd rect (at 1.75 -5.02) (size 0.3 0.7) (layers F.Cu F.Paste F.Mask)
      (net 15 "Net-(J1-PadA10)"))
    (pad A12 smd rect (at 2.75 -5.02) (size 0.3 0.7) (layers F.Cu F.Paste F.Mask)
      (net 2 GND))
    (pad A7 smd rect (at 0.25 -5.02) (size 0.3 0.7) (layers F.Cu F.Paste F.Mask)
      (net 14 "Net-(J1-PadA7)"))
    (pad A6 smd rect (at -0.25 -5.02) (size 0.3 0.7) (layers F.Cu F.Paste F.Mask)
      (net 13 "Net-(J1-PadA6)"))
    (pad A5 smd rect (at -0.75 -5.02) (size 0.3 0.7) (layers F.Cu F.Paste F.Mask)
      (net 10 "Net-(D3-Pad2)"))
    (pad A4 smd rect (at -1.25 -5.02) (size 0.3 0.7) (layers F.Cu F.Paste F.Mask)
      (net 40 Vin))
    (pad A3 smd rect (at -1.75 -5.02) (size 0.3 0.7) (layers F.Cu F.Paste F.Mask)
      (net 12 "Net-(J1-PadA3)"))
    (pad A2 smd rect (at -2.25 -5.02) (size 0.3 0.7) (layers F.Cu F.Paste F.Mask)
      (net 11 "Net-(J1-PadA2)"))
    (pad A1 smd rect (at -2.75 -5.02) (size 0.3 0.7) (layers F.Cu F.Paste F.Mask)
      (net 2 GND))
    (pad S1 thru_hole oval (at -4.13 -3.11) (size 0.8 1.4) (drill oval 0.5 1.1) (layers *.Cu *.Mask))
    (model ${KISYS3DMOD}/Connector_USB.3dshapes/USB_C_Receptacle_Amphenol_12401610E4-2A.wrl
      (at (xyz 0 0 0))
      (scale (xyz 1 1 1))
      (rotate (xyz 0 0 0))
    )
  )

  (module Capacitor_SMD:C_0805_2012Metric (layer F.Cu) (tedit 5B36C52B) (tstamp 5B9E783A)
    (at 139.9055 93.472)
    (descr "Capacitor SMD 0805 (2012 Metric), square (rectangular) end terminal, IPC_7351 nominal, (Body size source: https://docs.google.com/spreadsheets/d/1BsfQQcO9C6DZCsRaXUlFlo91Tg2WpOkGARC1WS5S8t0/edit?usp=sharing), generated with kicad-footprint-generator")
    (tags capacitor)
    (path /5B8D01D3)
    (attr smd)
    (fp_text reference C1 (at 2.5885 0) (layer F.SilkS)
      (effects (font (size 1 1) (thickness 0.15)))
    )
    (fp_text value 0.1uF (at 0 1.65) (layer F.Fab)
      (effects (font (size 1 1) (thickness 0.15)))
    )
    (fp_line (start -1 0.6) (end -1 -0.6) (layer F.Fab) (width 0.1))
    (fp_line (start -1 -0.6) (end 1 -0.6) (layer F.Fab) (width 0.1))
    (fp_line (start 1 -0.6) (end 1 0.6) (layer F.Fab) (width 0.1))
    (fp_line (start 1 0.6) (end -1 0.6) (layer F.Fab) (width 0.1))
    (fp_line (start -0.258578 -0.71) (end 0.258578 -0.71) (layer F.SilkS) (width 0.12))
    (fp_line (start -0.258578 0.71) (end 0.258578 0.71) (layer F.SilkS) (width 0.12))
    (fp_line (start -1.68 0.95) (end -1.68 -0.95) (layer F.CrtYd) (width 0.05))
    (fp_line (start -1.68 -0.95) (end 1.68 -0.95) (layer F.CrtYd) (width 0.05))
    (fp_line (start 1.68 -0.95) (end 1.68 0.95) (layer F.CrtYd) (width 0.05))
    (fp_line (start 1.68 0.95) (end -1.68 0.95) (layer F.CrtYd) (width 0.05))
    (fp_text user %R (at 0 0) (layer F.Fab)
      (effects (font (size 0.5 0.5) (thickness 0.08)))
    )
    (pad 1 smd roundrect (at -0.9375 0) (size 0.975 1.4) (layers F.Cu F.Paste F.Mask) (roundrect_rratio 0.25)
      (net 1 "Net-(C1-Pad1)"))
    (pad 2 smd roundrect (at 0.9375 0) (size 0.975 1.4) (layers F.Cu F.Paste F.Mask) (roundrect_rratio 0.25)
      (net 2 GND))
    (model ${KISYS3DMOD}/Capacitor_SMD.3dshapes/C_0805_2012Metric.wrl
      (at (xyz 0 0 0))
      (scale (xyz 1 1 1))
      (rotate (xyz 0 0 0))
    )
  )

  (module Capacitor_SMD:C_0805_2012Metric_Pad1.15x1.40mm_HandSolder (layer F.Cu) (tedit 5B911EEF) (tstamp 5B9E784B)
    (at 130.207091 108.389573 270)
    (descr "Capacitor SMD 0805 (2012 Metric), square (rectangular) end terminal, IPC_7351 nominal with elongated pad for handsoldering. (Body size source: https://docs.google.com/spreadsheets/d/1BsfQQcO9C6DZCsRaXUlFlo91Tg2WpOkGARC1WS5S8t0/edit?usp=sharing), generated with kicad-footprint-generator")
    (tags "capacitor handsolder")
    (path /5BEA3710)
    (attr smd)
    (fp_text reference C2 (at 0 -1.65 270) (layer F.SilkS)
      (effects (font (size 1 1) (thickness 0.15)))
    )
    (fp_text value 4.7uF (at 0 1.65 270) (layer F.Fab) hide
      (effects (font (size 1 1) (thickness 0.15)))
    )
    (fp_text user %R (at 0 0 270) (layer F.Fab)
      (effects (font (size 0.5 0.5) (thickness 0.08)))
    )
    (fp_line (start 1.85 0.95) (end -1.85 0.95) (layer F.CrtYd) (width 0.05))
    (fp_line (start 1.85 -0.95) (end 1.85 0.95) (layer F.CrtYd) (width 0.05))
    (fp_line (start -1.85 -0.95) (end 1.85 -0.95) (layer F.CrtYd) (width 0.05))
    (fp_line (start -1.85 0.95) (end -1.85 -0.95) (layer F.CrtYd) (width 0.05))
    (fp_line (start -0.261252 0.71) (end 0.261252 0.71) (layer F.SilkS) (width 0.12))
    (fp_line (start -0.261252 -0.71) (end 0.261252 -0.71) (layer F.SilkS) (width 0.12))
    (fp_line (start 1 0.6) (end -1 0.6) (layer F.Fab) (width 0.1))
    (fp_line (start 1 -0.6) (end 1 0.6) (layer F.Fab) (width 0.1))
    (fp_line (start -1 -0.6) (end 1 -0.6) (layer F.Fab) (width 0.1))
    (fp_line (start -1 0.6) (end -1 -0.6) (layer F.Fab) (width 0.1))
    (pad 2 smd roundrect (at 1.025 0 270) (size 1.15 1.4) (layers F.Cu F.Paste F.Mask) (roundrect_rratio 0.217391)
      (net 2 GND))
    (pad 1 smd roundrect (at -1.025 0 270) (size 1.15 1.4) (layers F.Cu F.Paste F.Mask) (roundrect_rratio 0.217391)
      (net 40 Vin))
    (model ${KISYS3DMOD}/Capacitor_SMD.3dshapes/C_0805_2012Metric.wrl
      (at (xyz 0 0 0))
      (scale (xyz 1 1 1))
      (rotate (xyz 0 0 0))
    )
  )

  (module Capacitor_Tantalum_SMD:CP_EIA-7343-30_AVX-N (layer F.Cu) (tedit 5B911F4A) (tstamp 5B9E785E)
    (at 122.682 90.6135 270)
    (descr "Tantalum Capacitor SMD AVX-N (7343-30 Metric), IPC_7351 nominal, (Body size from: http://www.kemet.com/Lists/ProductCatalog/Attachments/253/KEM_TC101_STD.pdf), generated with kicad-footprint-generator")
    (tags "capacitor tantalum")
    (path /5B8146EA)
    (attr smd)
    (fp_text reference C3 (at 5.245485 0.062107) (layer F.SilkS)
      (effects (font (size 1 1) (thickness 0.15)))
    )
    (fp_text value 10uF (at 0 3.1 270) (layer F.Fab) hide
      (effects (font (size 1 1) (thickness 0.15)))
    )
    (fp_text user %R (at 0 0 270) (layer F.Fab)
      (effects (font (size 1 1) (thickness 0.15)))
    )
    (fp_line (start 4.4 2.4) (end -4.4 2.4) (layer F.CrtYd) (width 0.05))
    (fp_line (start 4.4 -2.4) (end 4.4 2.4) (layer F.CrtYd) (width 0.05))
    (fp_line (start -4.4 -2.4) (end 4.4 -2.4) (layer F.CrtYd) (width 0.05))
    (fp_line (start -4.4 2.4) (end -4.4 -2.4) (layer F.CrtYd) (width 0.05))
    (fp_line (start -4.41 2.26) (end 3.65 2.26) (layer F.SilkS) (width 0.12))
    (fp_line (start -4.41 -2.26) (end -4.41 2.26) (layer F.SilkS) (width 0.12))
    (fp_line (start 3.65 -2.26) (end -4.41 -2.26) (layer F.SilkS) (width 0.12))
    (fp_line (start 3.65 2.15) (end 3.65 -2.15) (layer F.Fab) (width 0.1))
    (fp_line (start -3.65 2.15) (end 3.65 2.15) (layer F.Fab) (width 0.1))
    (fp_line (start -3.65 -1.15) (end -3.65 2.15) (layer F.Fab) (width 0.1))
    (fp_line (start -2.65 -2.15) (end -3.65 -1.15) (layer F.Fab) (width 0.1))
    (fp_line (start 3.65 -2.15) (end -2.65 -2.15) (layer F.Fab) (width 0.1))
    (pad 2 smd roundrect (at 3.1125 0 270) (size 2.075 2.55) (layers F.Cu F.Paste F.Mask) (roundrect_rratio 0.120482)
      (net 2 GND))
    (pad 1 smd roundrect (at -3.1125 0 270) (size 2.075 2.55) (layers F.Cu F.Paste F.Mask) (roundrect_rratio 0.120482)
      (net 3 +15V))
    (model ${KISYS3DMOD}/Capacitor_Tantalum_SMD.3dshapes/CP_EIA-7343-30_AVX-N.wrl
      (at (xyz 0 0 0))
      (scale (xyz 1 1 1))
      (rotate (xyz 0 0 0))
    )
  )

  (module Capacitor_Tantalum_SMD:CP_EIA-7343-30_AVX-N (layer F.Cu) (tedit 5B911F47) (tstamp 5B9E7871)
    (at 117.664107 90.512515 270)
    (descr "Tantalum Capacitor SMD AVX-N (7343-30 Metric), IPC_7351 nominal, (Body size from: http://www.kemet.com/Lists/ProductCatalog/Attachments/253/KEM_TC101_STD.pdf), generated with kicad-footprint-generator")
    (tags "capacitor tantalum")
    (path /5B84A42E)
    (attr smd)
    (fp_text reference C4 (at 5.245485 0.062107) (layer F.SilkS)
      (effects (font (size 1 1) (thickness 0.15)))
    )
    (fp_text value 100uf (at 0 3.1 270) (layer F.Fab) hide
      (effects (font (size 1 1) (thickness 0.15)))
    )
    (fp_line (start 3.65 -2.15) (end -2.65 -2.15) (layer F.Fab) (width 0.1))
    (fp_line (start -2.65 -2.15) (end -3.65 -1.15) (layer F.Fab) (width 0.1))
    (fp_line (start -3.65 -1.15) (end -3.65 2.15) (layer F.Fab) (width 0.1))
    (fp_line (start -3.65 2.15) (end 3.65 2.15) (layer F.Fab) (width 0.1))
    (fp_line (start 3.65 2.15) (end 3.65 -2.15) (layer F.Fab) (width 0.1))
    (fp_line (start 3.65 -2.26) (end -4.41 -2.26) (layer F.SilkS) (width 0.12))
    (fp_line (start -4.41 -2.26) (end -4.41 2.26) (layer F.SilkS) (width 0.12))
    (fp_line (start -4.41 2.26) (end 3.65 2.26) (layer F.SilkS) (width 0.12))
    (fp_line (start -4.4 2.4) (end -4.4 -2.4) (layer F.CrtYd) (width 0.05))
    (fp_line (start -4.4 -2.4) (end 4.4 -2.4) (layer F.CrtYd) (width 0.05))
    (fp_line (start 4.4 -2.4) (end 4.4 2.4) (layer F.CrtYd) (width 0.05))
    (fp_line (start 4.4 2.4) (end -4.4 2.4) (layer F.CrtYd) (width 0.05))
    (fp_text user %R (at 0 0 270) (layer F.Fab)
      (effects (font (size 1 1) (thickness 0.15)))
    )
    (pad 1 smd roundrect (at -3.1125 0 270) (size 2.075 2.55) (layers F.Cu F.Paste F.Mask) (roundrect_rratio 0.120482)
      (net 3 +15V))
    (pad 2 smd roundrect (at 3.1125 0 270) (size 2.075 2.55) (layers F.Cu F.Paste F.Mask) (roundrect_rratio 0.120482)
      (net 2 GND))
    (model ${KISYS3DMOD}/Capacitor_Tantalum_SMD.3dshapes/CP_EIA-7343-30_AVX-N.wrl
      (at (xyz 0 0 0))
      (scale (xyz 1 1 1))
      (rotate (xyz 0 0 0))
    )
  )

  (module Capacitor_SMD:C_0805_2012Metric (layer F.Cu) (tedit 5B911F93) (tstamp 5B9E7882)
    (at 127.254 88.9785 90)
    (descr "Capacitor SMD 0805 (2012 Metric), square (rectangular) end terminal, IPC_7351 nominal, (Body size source: https://docs.google.com/spreadsheets/d/1BsfQQcO9C6DZCsRaXUlFlo91Tg2WpOkGARC1WS5S8t0/edit?usp=sharing), generated with kicad-footprint-generator")
    (tags capacitor)
    (path /5B80DE1B)
    (attr smd)
    (fp_text reference C5 (at 2.6185 0.508 90) (layer F.SilkS)
      (effects (font (size 1 1) (thickness 0.15)))
    )
    (fp_text value 0.1uF (at 0 1.65 90) (layer F.Fab) hide
      (effects (font (size 1 1) (thickness 0.15)))
    )
    (fp_text user %R (at 0 0 90) (layer F.Fab)
      (effects (font (size 0.5 0.5) (thickness 0.08)))
    )
    (fp_line (start 1.68 0.95) (end -1.68 0.95) (layer F.CrtYd) (width 0.05))
    (fp_line (start 1.68 -0.95) (end 1.68 0.95) (layer F.CrtYd) (width 0.05))
    (fp_line (start -1.68 -0.95) (end 1.68 -0.95) (layer F.CrtYd) (width 0.05))
    (fp_line (start -1.68 0.95) (end -1.68 -0.95) (layer F.CrtYd) (width 0.05))
    (fp_line (start -0.258578 0.71) (end 0.258578 0.71) (layer F.SilkS) (width 0.12))
    (fp_line (start -0.258578 -0.71) (end 0.258578 -0.71) (layer F.SilkS) (width 0.12))
    (fp_line (start 1 0.6) (end -1 0.6) (layer F.Fab) (width 0.1))
    (fp_line (start 1 -0.6) (end 1 0.6) (layer F.Fab) (width 0.1))
    (fp_line (start -1 -0.6) (end 1 -0.6) (layer F.Fab) (width 0.1))
    (fp_line (start -1 0.6) (end -1 -0.6) (layer F.Fab) (width 0.1))
    (pad 2 smd roundrect (at 0.9375 0 90) (size 0.975 1.4) (layers F.Cu F.Paste F.Mask) (roundrect_rratio 0.25)
      (net 2 GND))
    (pad 1 smd roundrect (at -0.9375 0 90) (size 0.975 1.4) (layers F.Cu F.Paste F.Mask) (roundrect_rratio 0.25)
      (net 3 +15V))
    (model ${KISYS3DMOD}/Capacitor_SMD.3dshapes/C_0805_2012Metric.wrl
      (at (xyz 0 0 0))
      (scale (xyz 1 1 1))
      (rotate (xyz 0 0 0))
    )
  )

  (module Capacitor_SMD:C_0805_2012Metric (layer F.Cu) (tedit 5B911F54) (tstamp 5B9E7893)
    (at 130.207091 103.857073 270)
    (descr "Capacitor SMD 0805 (2012 Metric), square (rectangular) end terminal, IPC_7351 nominal, (Body size source: https://docs.google.com/spreadsheets/d/1BsfQQcO9C6DZCsRaXUlFlo91Tg2WpOkGARC1WS5S8t0/edit?usp=sharing), generated with kicad-footprint-generator")
    (tags capacitor)
    (path /5BBDEC22)
    (attr smd)
    (fp_text reference C6 (at 0.083001 -1.655153 270) (layer F.SilkS)
      (effects (font (size 1 1) (thickness 0.15)))
    )
    (fp_text value 1uF (at 0.3325 1.27 270) (layer F.Fab) hide
      (effects (font (size 1 1) (thickness 0.15)))
    )
    (fp_line (start -1 0.6) (end -1 -0.6) (layer F.Fab) (width 0.1))
    (fp_line (start -1 -0.6) (end 1 -0.6) (layer F.Fab) (width 0.1))
    (fp_line (start 1 -0.6) (end 1 0.6) (layer F.Fab) (width 0.1))
    (fp_line (start 1 0.6) (end -1 0.6) (layer F.Fab) (width 0.1))
    (fp_line (start -0.258578 -0.71) (end 0.258578 -0.71) (layer F.SilkS) (width 0.12))
    (fp_line (start -0.258578 0.71) (end 0.258578 0.71) (layer F.SilkS) (width 0.12))
    (fp_line (start -1.68 0.95) (end -1.68 -0.95) (layer F.CrtYd) (width 0.05))
    (fp_line (start -1.68 -0.95) (end 1.68 -0.95) (layer F.CrtYd) (width 0.05))
    (fp_line (start 1.68 -0.95) (end 1.68 0.95) (layer F.CrtYd) (width 0.05))
    (fp_line (start 1.68 0.95) (end -1.68 0.95) (layer F.CrtYd) (width 0.05))
    (fp_text user %R (at 0 0 270) (layer F.Fab)
      (effects (font (size 0.5 0.5) (thickness 0.08)))
    )
    (pad 1 smd roundrect (at -0.9375 0 270) (size 0.975 1.4) (layers F.Cu F.Paste F.Mask) (roundrect_rratio 0.25)
      (net 4 "Net-(C6-Pad1)"))
    (pad 2 smd roundrect (at 0.9375 0 270) (size 0.975 1.4) (layers F.Cu F.Paste F.Mask) (roundrect_rratio 0.25)
      (net 2 GND))
    (model ${KISYS3DMOD}/Capacitor_SMD.3dshapes/C_0805_2012Metric.wrl
      (at (xyz 0 0 0))
      (scale (xyz 1 1 1))
      (rotate (xyz 0 0 0))
    )
  )

  (module Capacitor_SMD:C_0805_2012Metric (layer F.Cu) (tedit 5B911F51) (tstamp 5B9E78A4)
    (at 127.032091 103.857073 270)
    (descr "Capacitor SMD 0805 (2012 Metric), square (rectangular) end terminal, IPC_7351 nominal, (Body size source: https://docs.google.com/spreadsheets/d/1BsfQQcO9C6DZCsRaXUlFlo91Tg2WpOkGARC1WS5S8t0/edit?usp=sharing), generated with kicad-footprint-generator")
    (tags capacitor)
    (path /5BBDECCC)
    (attr smd)
    (fp_text reference C7 (at -0.107499 -1.591653 270) (layer F.SilkS)
      (effects (font (size 1 1) (thickness 0.15)))
    )
    (fp_text value 1uF (at 0 1.65 270) (layer F.Fab) hide
      (effects (font (size 1 1) (thickness 0.15)))
    )
    (fp_text user %R (at 0 0 270) (layer F.Fab)
      (effects (font (size 0.5 0.5) (thickness 0.08)))
    )
    (fp_line (start 1.68 0.95) (end -1.68 0.95) (layer F.CrtYd) (width 0.05))
    (fp_line (start 1.68 -0.95) (end 1.68 0.95) (layer F.CrtYd) (width 0.05))
    (fp_line (start -1.68 -0.95) (end 1.68 -0.95) (layer F.CrtYd) (width 0.05))
    (fp_line (start -1.68 0.95) (end -1.68 -0.95) (layer F.CrtYd) (width 0.05))
    (fp_line (start -0.258578 0.71) (end 0.258578 0.71) (layer F.SilkS) (width 0.12))
    (fp_line (start -0.258578 -0.71) (end 0.258578 -0.71) (layer F.SilkS) (width 0.12))
    (fp_line (start 1 0.6) (end -1 0.6) (layer F.Fab) (width 0.1))
    (fp_line (start 1 -0.6) (end 1 0.6) (layer F.Fab) (width 0.1))
    (fp_line (start -1 -0.6) (end 1 -0.6) (layer F.Fab) (width 0.1))
    (fp_line (start -1 0.6) (end -1 -0.6) (layer F.Fab) (width 0.1))
    (pad 2 smd roundrect (at 0.9375 0 270) (size 0.975 1.4) (layers F.Cu F.Paste F.Mask) (roundrect_rratio 0.25)
      (net 2 GND))
    (pad 1 smd roundrect (at -0.9375 0 270) (size 0.975 1.4) (layers F.Cu F.Paste F.Mask) (roundrect_rratio 0.25)
      (net 5 "Net-(C7-Pad1)"))
    (model ${KISYS3DMOD}/Capacitor_SMD.3dshapes/C_0805_2012Metric.wrl
      (at (xyz 0 0 0))
      (scale (xyz 1 1 1))
      (rotate (xyz 0 0 0))
    )
  )

  (module Capacitor_SMD:C_2220_5650Metric (layer F.Cu) (tedit 5B911F68) (tstamp 5B9E78B5)
    (at 147.33 82.55)
    (descr "Capacitor SMD 2220 (5650 Metric), square (rectangular) end terminal, IPC_7351 nominal, (Body size from: http://datasheets.avx.com/AVX-HV_MLCC.pdf), generated with kicad-footprint-generator")
    (tags capacitor)
    (path /5B8382D9)
    (attr smd)
    (fp_text reference C8 (at 5.07 -0.127) (layer F.SilkS)
      (effects (font (size 1 1) (thickness 0.15)))
    )
    (fp_text value 2.2uF (at 0 3.65) (layer F.Fab) hide
      (effects (font (size 1 1) (thickness 0.15)))
    )
    (fp_line (start -2.85 2.5) (end -2.85 -2.5) (layer F.Fab) (width 0.1))
    (fp_line (start -2.85 -2.5) (end 2.85 -2.5) (layer F.Fab) (width 0.1))
    (fp_line (start 2.85 -2.5) (end 2.85 2.5) (layer F.Fab) (width 0.1))
    (fp_line (start 2.85 2.5) (end -2.85 2.5) (layer F.Fab) (width 0.1))
    (fp_line (start -1.415748 -2.61) (end 1.415748 -2.61) (layer F.SilkS) (width 0.12))
    (fp_line (start -1.415748 2.61) (end 1.415748 2.61) (layer F.SilkS) (width 0.12))
    (fp_line (start -3.7 2.95) (end -3.7 -2.95) (layer F.CrtYd) (width 0.05))
    (fp_line (start -3.7 -2.95) (end 3.7 -2.95) (layer F.CrtYd) (width 0.05))
    (fp_line (start 3.7 -2.95) (end 3.7 2.95) (layer F.CrtYd) (width 0.05))
    (fp_line (start 3.7 2.95) (end -3.7 2.95) (layer F.CrtYd) (width 0.05))
    (fp_text user %R (at 0 0) (layer F.Fab)
      (effects (font (size 1 1) (thickness 0.15)))
    )
    (pad 1 smd roundrect (at -2.55 0) (size 1.8 5.4) (layers F.Cu F.Paste F.Mask) (roundrect_rratio 0.138889)
      (net 6 HV+))
    (pad 2 smd roundrect (at 2.55 0) (size 1.8 5.4) (layers F.Cu F.Paste F.Mask) (roundrect_rratio 0.138889)
      (net 2 GND))
    (model ${KISYS3DMOD}/Capacitor_SMD.3dshapes/C_2220_5650Metric.wrl
      (at (xyz 0 0 0))
      (scale (xyz 1 1 1))
      (rotate (xyz 0 0 0))
    )
  )

  (module Capacitor_SMD:C_0805_2012Metric (layer F.Cu) (tedit 5B911F65) (tstamp 5B9E78C6)
    (at 149.225 86.868)
    (descr "Capacitor SMD 0805 (2012 Metric), square (rectangular) end terminal, IPC_7351 nominal, (Body size source: https://docs.google.com/spreadsheets/d/1BsfQQcO9C6DZCsRaXUlFlo91Tg2WpOkGARC1WS5S8t0/edit?usp=sharing), generated with kicad-footprint-generator")
    (tags capacitor)
    (path /5B84A6EF)
    (attr smd)
    (fp_text reference C9 (at 3.175 0.127) (layer F.SilkS)
      (effects (font (size 1 1) (thickness 0.15)))
    )
    (fp_text value 0.1uF (at 0 1.65) (layer F.Fab) hide
      (effects (font (size 1 1) (thickness 0.15)))
    )
    (fp_text user %R (at 0 0) (layer F.Fab)
      (effects (font (size 0.5 0.5) (thickness 0.08)))
    )
    (fp_line (start 1.68 0.95) (end -1.68 0.95) (layer F.CrtYd) (width 0.05))
    (fp_line (start 1.68 -0.95) (end 1.68 0.95) (layer F.CrtYd) (width 0.05))
    (fp_line (start -1.68 -0.95) (end 1.68 -0.95) (layer F.CrtYd) (width 0.05))
    (fp_line (start -1.68 0.95) (end -1.68 -0.95) (layer F.CrtYd) (width 0.05))
    (fp_line (start -0.258578 0.71) (end 0.258578 0.71) (layer F.SilkS) (width 0.12))
    (fp_line (start -0.258578 -0.71) (end 0.258578 -0.71) (layer F.SilkS) (width 0.12))
    (fp_line (start 1 0.6) (end -1 0.6) (layer F.Fab) (width 0.1))
    (fp_line (start 1 -0.6) (end 1 0.6) (layer F.Fab) (width 0.1))
    (fp_line (start -1 -0.6) (end 1 -0.6) (layer F.Fab) (width 0.1))
    (fp_line (start -1 0.6) (end -1 -0.6) (layer F.Fab) (width 0.1))
    (pad 2 smd roundrect (at 0.9375 0) (size 0.975 1.4) (layers F.Cu F.Paste F.Mask) (roundrect_rratio 0.25)
      (net 2 GND))
    (pad 1 smd roundrect (at -0.9375 0) (size 0.975 1.4) (layers F.Cu F.Paste F.Mask) (roundrect_rratio 0.25)
      (net 6 HV+))
    (model ${KISYS3DMOD}/Capacitor_SMD.3dshapes/C_0805_2012Metric.wrl
      (at (xyz 0 0 0))
      (scale (xyz 1 1 1))
      (rotate (xyz 0 0 0))
    )
  )

  (module Capacitor_SMD:C_0805_2012Metric (layer F.Cu) (tedit 5B911F0C) (tstamp 5B9E78D7)
    (at 116.479591 101.649573 180)
    (descr "Capacitor SMD 0805 (2012 Metric), square (rectangular) end terminal, IPC_7351 nominal, (Body size source: https://docs.google.com/spreadsheets/d/1BsfQQcO9C6DZCsRaXUlFlo91Tg2WpOkGARC1WS5S8t0/edit?usp=sharing), generated with kicad-footprint-generator")
    (tags capacitor)
    (path /5BD6D6E1)
    (attr smd)
    (fp_text reference C10 (at 0 -1.65 180) (layer F.SilkS)
      (effects (font (size 1 1) (thickness 0.15)))
    )
    (fp_text value 0.1uF (at 0 1.65 180) (layer F.Fab) hide
      (effects (font (size 1 1) (thickness 0.15)))
    )
    (fp_text user %R (at 0 0 180) (layer F.Fab)
      (effects (font (size 0.5 0.5) (thickness 0.08)))
    )
    (fp_line (start 1.68 0.95) (end -1.68 0.95) (layer F.CrtYd) (width 0.05))
    (fp_line (start 1.68 -0.95) (end 1.68 0.95) (layer F.CrtYd) (width 0.05))
    (fp_line (start -1.68 -0.95) (end 1.68 -0.95) (layer F.CrtYd) (width 0.05))
    (fp_line (start -1.68 0.95) (end -1.68 -0.95) (layer F.CrtYd) (width 0.05))
    (fp_line (start -0.258578 0.71) (end 0.258578 0.71) (layer F.SilkS) (width 0.12))
    (fp_line (start -0.258578 -0.71) (end 0.258578 -0.71) (layer F.SilkS) (width 0.12))
    (fp_line (start 1 0.6) (end -1 0.6) (layer F.Fab) (width 0.1))
    (fp_line (start 1 -0.6) (end 1 0.6) (layer F.Fab) (width 0.1))
    (fp_line (start -1 -0.6) (end 1 -0.6) (layer F.Fab) (width 0.1))
    (fp_line (start -1 0.6) (end -1 -0.6) (layer F.Fab) (width 0.1))
    (pad 2 smd roundrect (at 0.9375 0 180) (size 0.975 1.4) (layers F.Cu F.Paste F.Mask) (roundrect_rratio 0.25)
      (net 3 +15V))
    (pad 1 smd roundrect (at -0.9375 0 180) (size 0.975 1.4) (layers F.Cu F.Paste F.Mask) (roundrect_rratio 0.25)
      (net 7 "Net-(C10-Pad1)"))
    (model ${KISYS3DMOD}/Capacitor_SMD.3dshapes/C_0805_2012Metric.wrl
      (at (xyz 0 0 0))
      (scale (xyz 1 1 1))
      (rotate (xyz 0 0 0))
    )
  )

  (module Capacitor_SMD:C_2220_5650Metric (layer F.Cu) (tedit 5B911F6E) (tstamp 5B9E78E8)
    (at 147.33 76.2)
    (descr "Capacitor SMD 2220 (5650 Metric), square (rectangular) end terminal, IPC_7351 nominal, (Body size from: http://datasheets.avx.com/AVX-HV_MLCC.pdf), generated with kicad-footprint-generator")
    (tags capacitor)
    (path /5B917CD5)
    (attr smd)
    (fp_text reference C11 (at 5.705 0) (layer F.SilkS)
      (effects (font (size 1 1) (thickness 0.15)))
    )
    (fp_text value 2.2uF (at 0 3.65) (layer F.Fab) hide
      (effects (font (size 1 1) (thickness 0.15)))
    )
    (fp_text user %R (at 0 0) (layer F.Fab)
      (effects (font (size 1 1) (thickness 0.15)))
    )
    (fp_line (start 3.7 2.95) (end -3.7 2.95) (layer F.CrtYd) (width 0.05))
    (fp_line (start 3.7 -2.95) (end 3.7 2.95) (layer F.CrtYd) (width 0.05))
    (fp_line (start -3.7 -2.95) (end 3.7 -2.95) (layer F.CrtYd) (width 0.05))
    (fp_line (start -3.7 2.95) (end -3.7 -2.95) (layer F.CrtYd) (width 0.05))
    (fp_line (start -1.415748 2.61) (end 1.415748 2.61) (layer F.SilkS) (width 0.12))
    (fp_line (start -1.415748 -2.61) (end 1.415748 -2.61) (layer F.SilkS) (width 0.12))
    (fp_line (start 2.85 2.5) (end -2.85 2.5) (layer F.Fab) (width 0.1))
    (fp_line (start 2.85 -2.5) (end 2.85 2.5) (layer F.Fab) (width 0.1))
    (fp_line (start -2.85 -2.5) (end 2.85 -2.5) (layer F.Fab) (width 0.1))
    (fp_line (start -2.85 2.5) (end -2.85 -2.5) (layer F.Fab) (width 0.1))
    (pad 2 smd roundrect (at 2.55 0) (size 1.8 5.4) (layers F.Cu F.Paste F.Mask) (roundrect_rratio 0.138889)
      (net 2 GND))
    (pad 1 smd roundrect (at -2.55 0) (size 1.8 5.4) (layers F.Cu F.Paste F.Mask) (roundrect_rratio 0.138889)
      (net 6 HV+))
    (model ${KISYS3DMOD}/Capacitor_SMD.3dshapes/C_2220_5650Metric.wrl
      (at (xyz 0 0 0))
      (scale (xyz 1 1 1))
      (rotate (xyz 0 0 0))
    )
  )

  (module Package_TO_SOT_SMD:SOT-323_SC-70 (layer F.Cu) (tedit 5B911F1F) (tstamp 5B9E792D)
    (at 135.922091 103.554573 270)
    (descr "SOT-323, SC-70")
    (tags "SOT-323 SC-70")
    (path /5BB20F5C)
    (attr smd)
    (fp_text reference D3 (at -0.05 -1.95 270) (layer F.SilkS)
      (effects (font (size 1 1) (thickness 0.15)))
    )
    (fp_text value ESDA25W (at -0.05 2.05 270) (layer F.Fab) hide
      (effects (font (size 1 1) (thickness 0.15)))
    )
    (fp_line (start -0.18 -1.1) (end -0.68 -0.6) (layer F.Fab) (width 0.1))
    (fp_line (start 0.67 1.1) (end -0.68 1.1) (layer F.Fab) (width 0.1))
    (fp_line (start 0.67 -1.1) (end 0.67 1.1) (layer F.Fab) (width 0.1))
    (fp_line (start -0.68 -0.6) (end -0.68 1.1) (layer F.Fab) (width 0.1))
    (fp_line (start 0.67 -1.1) (end -0.18 -1.1) (layer F.Fab) (width 0.1))
    (fp_line (start -0.68 1.16) (end 0.73 1.16) (layer F.SilkS) (width 0.12))
    (fp_line (start 0.73 -1.16) (end -1.3 -1.16) (layer F.SilkS) (width 0.12))
    (fp_line (start -1.7 1.3) (end -1.7 -1.3) (layer F.CrtYd) (width 0.05))
    (fp_line (start -1.7 -1.3) (end 1.7 -1.3) (layer F.CrtYd) (width 0.05))
    (fp_line (start 1.7 -1.3) (end 1.7 1.3) (layer F.CrtYd) (width 0.05))
    (fp_line (start 1.7 1.3) (end -1.7 1.3) (layer F.CrtYd) (width 0.05))
    (fp_line (start 0.73 -1.16) (end 0.73 -0.5) (layer F.SilkS) (width 0.12))
    (fp_line (start 0.73 0.5) (end 0.73 1.16) (layer F.SilkS) (width 0.12))
    (fp_text user %R (at 0 0) (layer F.Fab)
      (effects (font (size 0.5 0.5) (thickness 0.075)))
    )
    (pad 3 smd rect (at 1 0 180) (size 0.45 0.7) (layers F.Cu F.Paste F.Mask)
      (net 2 GND))
    (pad 2 smd rect (at -1 0.65 180) (size 0.45 0.7) (layers F.Cu F.Paste F.Mask)
      (net 10 "Net-(D3-Pad2)"))
    (pad 1 smd rect (at -1 -0.65 180) (size 0.45 0.7) (layers F.Cu F.Paste F.Mask)
      (net 9 "Net-(D3-Pad1)"))
    (model ${KISYS3DMOD}/Package_TO_SOT_SMD.3dshapes/SOT-323_SC-70.wrl
      (at (xyz 0 0 0))
      (scale (xyz 1 1 1))
      (rotate (xyz 0 0 0))
    )
  )

  (module "Inductor_SMD:ASPI-8040S-101M-TCT-ND SMD" (layer F.Cu) (tedit 5B7E97C6) (tstamp 5B9E796A)
    (at 122.490107 79.526015)
    (path /5B81F78C)
    (fp_text reference L1 (at 0 -4.850015) (layer F.SilkS)
      (effects (font (size 1 1) (thickness 0.15)))
    )
    (fp_text value 100uH (at 0 -5.334) (layer F.Fab) hide
      (effects (font (size 1 1) (thickness 0.15)))
    )
    (fp_line (start -4.572 4.064) (end -4.572 -3.81) (layer F.SilkS) (width 0.15))
    (fp_line (start -4.572 -4.064) (end -4.572 -3.81) (layer F.SilkS) (width 0.15))
